{
 "cells": [
  {
   "cell_type": "code",
   "execution_count": 2,
   "metadata": {},
   "outputs": [],
   "source": [
    "%matplotlib inline\n",
    "import seaborn as sns\n",
    "import pymc3 as pm\n",
    "from dirichlet_multinomial import DirichletMultinomial\n",
    "import numpy as np\n",
    "from numpy import random as nr"
   ]
  },
  {
   "cell_type": "markdown",
   "metadata": {},
   "source": [
    "### Generate simple data (n constant)"
   ]
  },
  {
   "cell_type": "code",
   "execution_count": 28,
   "metadata": {
    "scrolled": true
   },
   "outputs": [
    {
     "name": "stdout",
     "output_type": "stream",
     "text": [
      "alpha:\n",
      "[ 5.   7.   1.   0.5]\n",
      "normalized:\n",
      "[ 0.37037037  0.51851852  0.07407407  0.03703704]\n",
      "[[  2.34091357e-01   7.16829220e-01   2.30252185e-03   4.67769011e-02]\n",
      " [  2.44918809e-01   6.41980263e-01   7.93991834e-02   3.37017444e-02]\n",
      " [  3.95599440e-01   5.87969213e-01   6.11597168e-03   1.03153759e-02]\n",
      " [  4.51356459e-01   4.96838414e-01   3.10767516e-02   2.07283762e-02]\n",
      " [  3.67331364e-01   5.48666514e-01   3.73199959e-02   4.66821259e-02]\n",
      " [  3.50852096e-01   6.22290797e-01   2.51261887e-02   1.73091832e-03]\n",
      " [  4.16482558e-01   4.02893535e-01   1.64882172e-01   1.57417355e-02]\n",
      " [  2.74618225e-01   4.39255025e-01   2.07055387e-01   7.90713629e-02]\n",
      " [  3.34590406e-01   3.53863595e-01   3.11364748e-01   1.81251420e-04]\n",
      " [  3.24279853e-01   5.04783430e-01   1.69985797e-01   9.50919415e-04]\n",
      " [  4.03680264e-01   5.79973559e-01   1.35325622e-02   2.81361550e-03]\n",
      " [  3.68241828e-01   6.03521086e-01   2.72372249e-02   9.99860414e-04]\n",
      " [  5.48860989e-01   3.93516438e-01   3.72103855e-02   2.04121875e-02]\n",
      " [  2.39341924e-01   5.14687537e-01   2.45616348e-01   3.54190968e-04]\n",
      " [  3.31156214e-01   4.42035827e-01   2.26446383e-01   3.61575759e-04]\n",
      " [  1.94400224e-01   5.46700762e-01   2.48944400e-02   2.34004575e-01]\n",
      " [  2.63774711e-01   6.70766548e-01   3.80272592e-02   2.74314813e-02]\n",
      " [  3.62748568e-01   5.89103479e-01   4.53681317e-02   2.77982156e-03]\n",
      " [  4.31951355e-01   5.23038662e-01   1.46541729e-02   3.03558095e-02]\n",
      " [  3.25523553e-01   4.01131735e-01   1.84387330e-01   8.89573812e-02]\n",
      " [  6.65574743e-01   2.77767186e-01   3.99186394e-02   1.67394318e-02]\n",
      " [  1.63327985e-01   7.11712028e-01   1.01789427e-01   2.31705602e-02]\n",
      " [  4.92373691e-01   4.21787091e-01   8.43831617e-02   1.45605657e-03]\n",
      " [  4.21617637e-01   5.28797342e-01   1.08136559e-02   3.87713655e-02]\n",
      " [  2.18549523e-01   6.76001429e-01   6.88534330e-02   3.65956150e-02]\n",
      " [  5.53993825e-01   3.84474051e-01   6.06572917e-02   8.74832739e-04]\n",
      " [  3.54321321e-01   4.93170830e-01   1.52496064e-01   1.17852712e-05]\n",
      " [  4.76996110e-01   4.38314201e-01   6.26642322e-02   2.20254561e-02]\n",
      " [  2.21315378e-01   7.21291110e-01   1.26174952e-02   4.47760167e-02]\n",
      " [  3.72178841e-01   6.02288359e-01   2.41667735e-02   1.36602635e-03]\n",
      " [  2.17031398e-01   7.60691959e-01   1.40969824e-02   8.17966065e-03]\n",
      " [  6.95397920e-01   2.30716391e-01   4.90063429e-02   2.48793455e-02]\n",
      " [  1.73756866e-01   6.30900343e-01   1.93090978e-01   2.25181324e-03]\n",
      " [  2.33883264e-01   6.97983267e-01   6.80596113e-02   7.38575281e-05]\n",
      " [  4.52039674e-01   5.40991979e-01   4.68718634e-03   2.28116118e-03]\n",
      " [  2.52494688e-01   4.24102703e-01   2.05303706e-01   1.18098903e-01]\n",
      " [  3.78008932e-01   2.88368795e-01   1.14964876e-01   2.18657397e-01]\n",
      " [  3.87773871e-01   6.09175529e-01   2.46634177e-03   5.84258429e-04]\n",
      " [  4.20882210e-01   5.57444085e-01   2.14715110e-02   2.02194466e-04]\n",
      " [  2.79106963e-01   5.90913308e-01   1.24240443e-01   5.73928666e-03]\n",
      " [  3.83977620e-01   4.03566174e-01   4.32711015e-02   1.69185105e-01]\n",
      " [  2.41530762e-01   6.88133215e-01   4.63283101e-02   2.40077129e-02]\n",
      " [  3.26212952e-01   6.43499292e-01   2.73898711e-02   2.89788490e-03]\n",
      " [  3.42154606e-01   5.59243112e-01   7.19697532e-02   2.66325291e-02]\n",
      " [  2.11709987e-01   6.59975619e-01   2.74028953e-02   1.00911499e-01]\n",
      " [  5.78041209e-01   3.28053961e-01   4.95631773e-02   4.43416526e-02]\n",
      " [  4.28695233e-01   4.59958994e-01   5.69688105e-02   5.43769624e-02]\n",
      " [  4.37713148e-01   4.81904858e-01   2.97080901e-02   5.06739033e-02]\n",
      " [  1.05906127e-01   8.40807199e-01   4.61200085e-02   7.16666570e-03]\n",
      " [  4.69013710e-01   4.66103034e-01   5.86977253e-02   6.18553034e-03]\n",
      " [  3.72736967e-01   4.61555330e-01   1.05228043e-01   6.04796599e-02]\n",
      " [  2.48610093e-01   6.26347406e-01   1.10961724e-01   1.40807771e-02]\n",
      " [  4.09201376e-01   3.31464673e-01   2.06987434e-01   5.23465179e-02]\n",
      " [  4.15888423e-01   5.52957876e-01   3.81988986e-03   2.73338111e-02]\n",
      " [  3.37903001e-01   6.01846672e-01   8.38001939e-03   5.18703075e-02]\n",
      " [  3.21445920e-01   6.61907366e-01   8.29421384e-04   1.58172924e-02]\n",
      " [  5.60588942e-01   4.14268887e-01   1.68294760e-02   8.31269552e-03]\n",
      " [  4.19667633e-01   3.34934504e-01   1.57370505e-01   8.80273582e-02]\n",
      " [  2.89968255e-01   3.34845111e-01   1.72686565e-02   3.57917977e-01]\n",
      " [  3.90889693e-01   5.80904914e-01   2.72596031e-02   9.45789123e-04]\n",
      " [  4.22520538e-01   5.58273665e-01   1.50721028e-02   4.13369429e-03]\n",
      " [  4.28881549e-01   4.35756538e-01   4.69840604e-03   1.30663507e-01]\n",
      " [  4.87703226e-01   4.37635824e-01   7.46450910e-02   1.58589846e-05]\n",
      " [  3.21212381e-01   6.30464514e-01   3.94096842e-02   8.91342096e-03]\n",
      " [  4.09206953e-01   5.28875199e-01   5.76157632e-02   4.30208422e-03]\n",
      " [  3.02602564e-01   4.91486923e-01   1.96579578e-01   9.33093466e-03]\n",
      " [  2.80083042e-01   6.24012986e-01   5.12915892e-02   4.46123826e-02]\n",
      " [  3.05728281e-01   5.81726346e-01   2.67016497e-02   8.58437230e-02]\n",
      " [  4.31042769e-01   4.79481443e-01   8.48407085e-02   4.63508000e-03]\n",
      " [  3.63251099e-01   5.35734024e-01   6.34855889e-02   3.75292881e-02]\n",
      " [  4.10823123e-01   5.49517998e-01   3.93626716e-02   2.96206800e-04]\n",
      " [  5.36703335e-01   4.23948811e-01   9.37598116e-03   2.99718727e-02]\n",
      " [  2.95492773e-01   5.59751392e-01   4.49757633e-02   9.97800720e-02]\n",
      " [  5.44897342e-01   4.42591463e-01   1.19053780e-02   6.05817057e-04]\n",
      " [  1.24894921e-01   7.53748332e-01   1.00738254e-01   2.06184942e-02]\n",
      " [  4.76028395e-01   5.07283751e-01   1.36123160e-02   3.07553857e-03]\n",
      " [  5.87614622e-01   3.98008737e-01   9.82275174e-03   4.55388972e-03]\n",
      " [  3.12238622e-01   4.46219685e-01   1.78100205e-01   6.34414883e-02]\n",
      " [  3.56064683e-01   6.27988097e-01   1.56766153e-02   2.70605240e-04]\n",
      " [  3.59956666e-01   4.14463661e-01   2.13157109e-01   1.24225641e-02]\n",
      " [  2.32195381e-01   6.21970482e-01   9.58056914e-03   1.36253568e-01]\n",
      " [  2.05318954e-01   5.64315552e-01   1.93367295e-01   3.69981991e-02]\n",
      " [  3.63415774e-01   5.83408318e-01   3.94030193e-02   1.37728885e-02]\n",
      " [  3.29588124e-01   6.02139395e-01   5.87552990e-02   9.51718234e-03]\n",
      " [  2.59180096e-01   5.47497439e-01   6.78715521e-03   1.86535309e-01]\n",
      " [  2.63393611e-01   3.78014305e-01   2.25729091e-01   1.32862994e-01]\n",
      " [  6.53390546e-01   3.36829920e-01   9.73472468e-03   4.48089571e-05]\n",
      " [  2.55284029e-01   6.14137719e-01   1.30022725e-01   5.55527201e-04]\n",
      " [  2.16424123e-01   7.72042723e-01   5.57056371e-03   5.96258995e-03]\n",
      " [  3.84188969e-01   5.73942287e-01   8.98632681e-03   3.28824173e-02]\n",
      " [  3.71150067e-01   5.81894962e-01   3.42228909e-02   1.27320796e-02]\n",
      " [  3.59919572e-01   6.02492096e-01   1.75490636e-02   2.00392684e-02]\n",
      " [  3.49228765e-01   5.61997294e-01   4.86932460e-02   4.00806957e-02]\n",
      " [  3.88887609e-01   4.64903178e-01   7.60742523e-02   7.01349604e-02]\n",
      " [  2.29441703e-01   7.18964699e-01   4.11495353e-02   1.04440623e-02]\n",
      " [  5.16083367e-01   3.91763018e-01   9.17349972e-02   4.18617555e-04]\n",
      " [  2.85472043e-01   6.81600018e-01   1.31895847e-02   1.97383539e-02]\n",
      " [  3.38359104e-01   6.21306584e-01   3.98309926e-02   5.03319208e-04]\n",
      " [  2.68761188e-01   5.10607254e-01   1.91061621e-01   2.95699371e-02]\n",
      " [  3.96258831e-01   5.13984995e-01   8.96086291e-02   1.47545022e-04]\n",
      " [  3.48807257e-01   5.95956699e-01   5.51740877e-02   6.19555867e-05]\n",
      " [  2.10631004e-01   7.49861639e-01   6.68356700e-03   3.28237898e-02]\n",
      " [  4.27937354e-01   4.71445456e-01   2.96804774e-02   7.09367123e-02]\n",
      " [  1.40526563e-01   4.30069739e-01   4.23030533e-01   6.37316443e-03]\n",
      " [  6.58814794e-01   2.90311805e-01   8.62783821e-03   4.22455625e-02]\n",
      " [  3.02630444e-01   6.23819246e-01   4.77007340e-03   6.87802371e-02]\n",
      " [  5.30697529e-01   4.17710488e-01   1.78644023e-02   3.37275816e-02]\n",
      " [  3.39395720e-01   5.37169748e-01   7.94565672e-02   4.39779648e-02]\n",
      " [  2.86856680e-01   5.07561391e-01   1.31362365e-01   7.42195637e-02]\n",
      " [  3.40374273e-01   4.15466821e-01   1.92090818e-01   5.20680883e-02]\n",
      " [  3.12101239e-01   5.29615655e-01   1.37708812e-01   2.05742939e-02]\n",
      " [  3.72511190e-01   5.29883177e-01   9.20184777e-03   8.84037854e-02]\n",
      " [  1.54098287e-01   7.92410961e-01   3.52628647e-02   1.82278875e-02]\n",
      " [  2.69238959e-01   6.25940727e-01   4.42807606e-03   1.00392238e-01]\n",
      " [  6.04156346e-01   3.66316782e-01   2.95134332e-02   1.34393808e-05]\n",
      " [  2.64332724e-01   6.81601530e-01   1.06223458e-02   4.34434001e-02]\n",
      " [  2.53648898e-01   5.42956972e-01   6.44526356e-02   1.38941494e-01]\n",
      " [  3.81073279e-01   5.48842952e-01   6.89116432e-02   1.17212548e-03]\n",
      " [  3.29528679e-01   5.25889845e-01   1.41641478e-01   2.93999818e-03]\n",
      " [  2.85983451e-01   5.33810845e-01   1.65895082e-01   1.43106221e-02]\n",
      " [  4.58523795e-01   4.31643290e-01   5.25755400e-02   5.72573751e-02]\n",
      " [  3.90063523e-01   5.15820119e-01   4.28063404e-02   5.13100174e-02]\n",
      " [  3.63931771e-01   5.39589100e-01   8.86779470e-02   7.80118201e-03]\n",
      " [  5.61312815e-01   4.07499010e-01   5.73919036e-03   2.54489846e-02]\n",
      " [  4.02448871e-01   5.85797547e-01   1.16215262e-02   1.32055896e-04]\n",
      " [  2.67068517e-01   6.30686812e-01   5.34495856e-02   4.87950853e-02]\n",
      " [  3.13814992e-01   6.36963939e-01   3.94784394e-02   9.74262916e-03]\n",
      " [  3.77179129e-01   5.38020392e-01   7.67047170e-02   8.09576193e-03]\n",
      " [  4.08428518e-01   4.86563614e-01   9.49251683e-02   1.00826997e-02]\n",
      " [  1.99835569e-01   7.03552312e-01   5.84665018e-02   3.81456171e-02]\n",
      " [  2.01095352e-01   6.08055978e-01   1.74035735e-01   1.68129350e-02]\n",
      " [  3.59273180e-01   5.63740777e-01   7.39986948e-02   2.98734849e-03]\n",
      " [  4.56534859e-01   4.39873196e-01   1.30422074e-02   9.05497380e-02]\n",
      " [  5.48199998e-01   3.91861700e-01   5.86835510e-02   1.25475047e-03]\n",
      " [  2.54765537e-01   6.71055316e-01   4.78111881e-02   2.63679581e-02]\n",
      " [  5.04927131e-01   4.60472907e-01   3.45985360e-02   1.42634032e-06]\n",
      " [  2.69655979e-01   5.03775404e-01   1.68454650e-01   5.81139675e-02]\n",
      " [  7.14180877e-01   2.32794473e-01   5.26480502e-02   3.76599492e-04]\n",
      " [  2.98478765e-01   5.11507560e-01   1.45172070e-01   4.48416057e-02]\n",
      " [  5.19577393e-01   3.65321360e-01   8.70936445e-02   2.80076023e-02]\n",
      " [  2.11131426e-01   7.17801287e-01   5.42868021e-02   1.67804845e-02]\n",
      " [  3.91435823e-01   5.12130088e-01   9.39492830e-02   2.48480680e-03]\n",
      " [  6.64964041e-01   1.11082428e-01   2.19422334e-01   4.53119705e-03]\n",
      " [  6.56282083e-01   2.45835196e-01   9.76650153e-02   2.17706216e-04]\n",
      " [  5.08614716e-01   4.82624664e-01   8.08248632e-03   6.78133849e-04]\n",
      " [  4.29181831e-01   3.46308647e-01   1.22149435e-01   1.02360086e-01]\n",
      " [  2.81188333e-01   3.71674877e-01   3.43894308e-01   3.24248249e-03]\n",
      " [  5.35802472e-01   4.02788354e-01   4.19871408e-02   1.94220331e-02]\n",
      " [  5.80873432e-01   3.59548600e-01   2.25593873e-02   3.70185804e-02]\n",
      " [  4.62333180e-01   4.45301330e-01   7.40946373e-02   1.82708526e-02]\n",
      " [  4.25785347e-01   5.58228701e-01   1.58315501e-02   1.54401199e-04]\n",
      " [  4.75246195e-01   4.79146241e-01   2.43196241e-02   2.12879400e-02]\n",
      " [  5.39545337e-01   4.06659300e-01   5.29781648e-02   8.17198532e-04]\n",
      " [  3.84473192e-01   5.25139209e-01   9.01928400e-02   1.94758537e-04]\n",
      " [  4.72709072e-01   4.10018519e-01   1.11847136e-01   5.42527239e-03]\n",
      " [  4.34409052e-01   2.77594456e-01   2.87790190e-01   2.06301913e-04]\n",
      " [  1.78271621e-01   5.83605050e-01   6.15510510e-02   1.76572277e-01]\n",
      " [  3.36418654e-01   4.86378439e-01   1.66122152e-01   1.10807549e-02]\n",
      " [  2.46230208e-01   5.62485866e-01   1.62215928e-01   2.90679978e-02]\n",
      " [  2.17482013e-01   6.71993001e-01   1.49357188e-02   9.55892671e-02]\n",
      " [  4.46348919e-01   5.18246040e-01   7.12692089e-03   2.82781205e-02]\n",
      " [  5.97926570e-01   3.45910073e-01   5.56996194e-02   4.63738135e-04]\n",
      " [  4.70861219e-01   3.56068845e-01   3.06498609e-02   1.42420075e-01]\n",
      " [  4.82242076e-01   4.59845591e-01   3.73472493e-05   5.78749855e-02]\n",
      " [  4.15328474e-01   3.99345902e-01   1.27161144e-01   5.81644803e-02]\n",
      " [  8.26529924e-01   1.66065739e-01   6.69522206e-03   7.09115280e-04]\n",
      " [  4.34807291e-01   5.22437148e-01   1.06757979e-02   3.20797634e-02]\n",
      " [  3.80346544e-01   4.33551779e-01   1.79337143e-01   6.76453364e-03]\n",
      " [  5.22122708e-01   3.55656234e-01   1.21601992e-01   6.19065242e-04]\n",
      " [  3.54375512e-01   6.34069646e-01   7.08911253e-03   4.46572883e-03]\n",
      " [  2.94267989e-01   2.70559437e-01   3.23342450e-01   1.11830124e-01]\n",
      " [  3.75704095e-01   5.67061722e-01   3.03571700e-02   2.68770135e-02]\n",
      " [  4.53785759e-01   5.35878651e-01   6.97132607e-03   3.36426487e-03]\n",
      " [  3.43554587e-01   4.18819478e-01   1.92109511e-01   4.55164245e-02]\n",
      " [  4.01679157e-01   5.78662560e-01   7.79595392e-03   1.18623290e-02]\n",
      " [  4.57084802e-01   5.33787085e-01   7.84854202e-03   1.27957066e-03]\n",
      " [  4.73350352e-01   4.69536760e-01   5.46910315e-02   2.42185586e-03]\n",
      " [  2.96444676e-01   5.99270290e-01   9.86477147e-02   5.63732001e-03]\n",
      " [  5.16498818e-01   4.63583901e-01   1.65543073e-02   3.36297368e-03]\n",
      " [  3.06432818e-01   4.99384308e-01   1.84953959e-01   9.22891408e-03]\n",
      " [  2.49279476e-01   6.09999752e-01   2.97770997e-02   1.10943672e-01]\n",
      " [  4.03364364e-01   3.98408354e-01   5.95695856e-02   1.38657696e-01]\n",
      " [  3.69853755e-01   6.05213947e-01   1.82767791e-02   6.65551914e-03]\n",
      " [  3.19705914e-01   5.95882762e-01   7.63263669e-02   8.08495695e-03]\n",
      " [  3.89022525e-01   5.56431631e-01   4.44367758e-02   1.01090684e-02]\n",
      " [  2.85348441e-01   6.51092057e-01   6.25431767e-02   1.01632460e-03]\n",
      " [  1.92934219e-01   5.52560515e-01   1.01526812e-01   1.52978453e-01]\n",
      " [  3.35048643e-01   5.91027569e-01   4.08468711e-02   3.30769174e-02]\n",
      " [  3.86135639e-01   5.96733440e-01   1.57354396e-03   1.55573774e-02]\n",
      " [  4.75737700e-01   4.68621140e-01   1.68218381e-02   3.88193227e-02]\n",
      " [  4.24433098e-01   5.32917422e-01   4.43335204e-03   3.82161284e-02]\n",
      " [  3.75869616e-01   4.98064704e-01   1.23349702e-01   2.71597862e-03]\n",
      " [  7.08524962e-01   2.40959826e-01   1.97277078e-02   3.07875041e-02]\n",
      " [  4.82907396e-01   4.16324156e-01   2.45746286e-02   7.61938203e-02]\n",
      " [  2.86605059e-01   4.08832186e-01   1.17247431e-01   1.87315324e-01]\n",
      " [  4.83875808e-01   3.21925271e-01   1.57769065e-01   3.64298561e-02]\n",
      " [  4.24197281e-01   5.48674511e-01   2.37931867e-02   3.33502103e-03]\n",
      " [  2.83335648e-01   5.72622176e-01   5.49222095e-02   8.91199665e-02]\n",
      " [  1.01517283e-01   7.11043436e-01   3.28343397e-02   1.54604941e-01]\n",
      " [  5.50512175e-01   3.78206205e-01   7.09523932e-02   3.29226828e-04]]\n"
     ]
    }
   ],
   "source": [
    "alphas = np.array([5, 7, 1, 0.5])\n",
    "print('alpha:')\n",
    "print(alphas)\n",
    "print('normalized:')\n",
    "print(alphas/alphas.sum())\n",
    "#alphas = alphas * 200\n",
    "ndraws = 2000\n",
    "N = 200\n",
    "dirichlets = np.array([nr.dirichlet(alphas) for i in range(N)])\n",
    "print(dirichlets)\n",
    "data = np.array([nr.multinomial(ndraws, p) for p in dirichlets])"
   ]
  },
  {
   "cell_type": "markdown",
   "metadata": {},
   "source": [
    "### Test explicit model"
   ]
  },
  {
   "cell_type": "code",
   "execution_count": 29,
   "metadata": {},
   "outputs": [
    {
     "name": "stderr",
     "output_type": "stream",
     "text": [
      "Auto-assigning NUTS sampler...\n",
      "Initializing NUTS using ADVI...\n",
      "Average Loss = 2.6317e+06:  17%|█▋        | 34752/200000 [00:23<01:46, 1544.40it/s]\n",
      "Convergence archived at 34900\n",
      "Interrupted at 34,900 [17%]: Average Loss = 2.6495e+06\n",
      "100%|█████████▉| 999/1000 [00:28<00:00, 89.45it/s]/home/labs/elinav/maxh/miniconda3/envs/bayesian_microbiome/lib/python3.6/site-packages/pymc3/step_methods/hmc/nuts.py:456: UserWarning: Chain 0 contains 15 diverging samples after tuning. If increasing `target_accept` does not help try to reparameterize.\n",
      "  % (self._chain_id, n_diverging))\n",
      "100%|██████████| 1000/1000 [00:28<00:00, 35.52it/s]\n"
     ]
    },
    {
     "name": "stdout",
     "output_type": "stream",
     "text": [
      "\n",
      "alphas:\n",
      "\n",
      "  Mean             SD               MC Error         95% HPD interval\n",
      "  -------------------------------------------------------------------\n",
      "  \n",
      "  5.082            0.330            0.024            [4.354, 5.663]\n",
      "  6.859            0.458            0.034            [5.827, 7.766]\n",
      "  0.956            0.065            0.004            [0.833, 1.076]\n",
      "  0.470            0.031            0.001            [0.418, 0.538]\n",
      "\n",
      "  Posterior quantiles:\n",
      "  2.5            25             50             75             97.5\n",
      "  |--------------|==============|==============|--------------|\n",
      "  \n",
      "  4.429          4.864          5.083          5.293          5.758\n",
      "  5.891          6.580          6.882          7.151          7.857\n",
      "  0.834          0.912          0.954          0.999          1.084\n",
      "  0.408          0.450          0.468          0.492          0.533\n",
      "\n"
     ]
    },
    {
     "data": {
      "image/png": "iVBORw0KGgoAAAANSUhEUgAAA1gAAAEYCAYAAABBWFftAAAABHNCSVQICAgIfAhkiAAAAAlwSFlz\nAAALEgAACxIB0t1+/AAAIABJREFUeJzsvXmQJdl+1/fJ7e57VXVVV1dXL9PdOd2zvacnKYSFEARg\nG7NYgCwFCBxYJgw2obAxeCGMwGw2jmCx0MNgB0KywGCBMDYOCzAQIEAKntF78968menJ3rt6qeVW\n3X3Jm6v/yJtZmXeprat6mXc+ERNTnTeXkydP3vv7nt9yJN/3EQgEAoFAIBAIBALBiyO/6gYIBAKB\nQCAQCAQCwecFIbAEAoFAIBAIBAKB4JQQAksgEAgEAoFAIBAITgkhsAQCgUAgEAgEAoHglBACSyAQ\nCAQCgUAgEAhOCSGwBAKBQCAQCAQCgeCUEAJLIHgN0HX9v9V1/a8css9lXdedl9UmgUAgEAhA/EYJ\nBMdFCCyBQCAQCAQCgUAgOCXUV90AgeBbDV3XfzfwBwjev03gd058/gj4n4AfBNaBv2wYxo/GPv9h\n4D8DqsB/aRjG39R1XQZ+HPg1QAr4l8APG4Zh67r+vcCfBzKABPwRwzD+9lneo0AgEAjeTMRvlEDw\n4ggPlkDwEtF1/RzwZeDXGoZxHbgH/OiMXX8Z8J3AO8Dv03X9g/F2GUgZhvE+8PuBPzne/puB7wHe\nBW4CXyL48QP4M8DvNwzjFvCbxvsKBAKBQJBA/EYJBKeDEFgCwUvEMIwdoGQYxtPxpn8BXJ2x608b\nhuGO9/8XwL8x3i4BPz3++0NgbXzevwN8u2EYtmEYJvCvY+fdAf59XdffNgzjrmEYv/3Ub0wgEAgE\nbzziN0ogOB1EiKBA8BLRdV0B/riu678JUIAicGfGro3Y302CUAsA1zCMQfj3+Bzour4E/Liu698G\neMAK8D+O9/th4A8D/1jX9SHwhwzD+NnTuyuBQCAQfB4Qv1ECwekgPFgCwcvlBwlCIH6FYRg68Efn\n7LcY+7tG8sdsFn8KsIH3DMN4G/h/wg8Mw9g2DONHDMNYA34f8FO6rhdOegMCgUAg+NwifqMEglNA\nCCyB4OVyDnhkGMaurusLwA8As35IflDXdVnX9WXglxOEYBx23m8ahjEax8J/N1DQdV3Tdf2f6bp+\nfrzfVwl+5LxTuRuBQCAQfJ4Qv1ECwSkgBJZA8HL5m8CCruv3xn//YeAiQRhGnE+A/2/8/79gGMYn\nh5z3zwK/V9f12wQzgH8A+N3A9wF/Bfgnuq5/Cvw88COxEA6BQCAQCELEb5RAcApIvu+/6jYIBIIY\n4xK4v8MwjH/5ipsiEAgEAkEC8RslEByO8GAJBAKBQCAQCAQCwSkhBJZAIBAIBAKBQCAQnBIiRFAg\nEAgEAoFAIBAITgnhwRIIBAKBQCAQCASCU+JztdBwvd4V7jiBQCD4nLC0VJRedRtOk9P4japWczSb\nosBaiOiPJKI/koj+SCL6I8lp9Me83ynhwRIIBAKB4A1BVZVX3YTXCtEfSUR/JBH9kUT0R5Kz7A8h\nsAQCgUAgEAgEAoHglBACSyAQCAQCgSCG53uvugkCgeANRgisOdi2y9/96x9y+xubr7opAoFAIBAI\nXhI7gzpf2/4GA3t44nM0zCamMzrFVgkEgjcJIbDm0NobsPW0zT/7+8arbopAIBAIBIKXxEbnKQCt\nUftExw/sIQ9aj/h499PTbJZAIHiDEAJLIBAIBAKBYAJVPlmh5TchvND2HO4079O1eq+6KQLB5xIh\nsObgeaLiu0AgEAheP2zP4W7zAXea998IY/64vMp7sj0n+tv13WMd63oun+4ZNEetqc8cz2Gj8zRx\n/ldJ1+rSGXUwGndxvePdp2A2pjPCdMxD99se1Pl49/bn8t0V7CME1hxcVwx8gUAgELx+9Kwe7VGb\nzqjDyLVedXNOFdu1+dr2N3jSfXYm5/d8j+e9LYaOyWeNu7RH3cTnYXgggHNM4dEwWwzsAdv9nanP\nnnSfszOo86i9cbKGnzJxoTdwTp5rdhrsDOpYrv3Srmc6Ixpm89TP+/Hup3y8e/vQ/Z50nmI6Jn37\n9VyPamAPedh+fOIQWUGAEFhz8FzhwRIIBALB60fCy/I58z707D7ATJFyGtSHezzvbfLJ7m16Vo+7\nzXtRH7qeS3PUQpKCdUNd/3jeJueA/Z3xM7O810MQ2zFBY72gSH/e2+Jp9/mJjt0bNtjoPOVO894L\nteE4fLx3mwetRwwnvE2n5VE66jvp8/rZmbvDBp8177I3bHC/9RDff/3a+KZwsgDjbwGEB0sgEAi+\nddF1/T8Efmds07cbhlGIff4IeAKE1tQPGYZxNm6XCZwXCGP7lmeGwWi6I/Jyjo7VBd9nMbdIfbB7\nbA+Wc0D4XyjaXheDNS7SX9QL+rwXVFvOqBkWs7VjHRte+yihdafG+BnEhZDl2nxU/5jVwnlWCysn\nOOX+cx25I3Jy7tBjXsfJkc3+Ft64Xb7v43gOmqK94la9mQiBNQcvJrA8z0eWpVfYGoFAIBC8TAzD\n+AngJwB0Xf9e4Adm7PbrDMN46VUC4p4SIbCOxyyvQSiMeuOQrWqmQn2we3RPhO+zNdiZGfLlei6K\nrCCHAmvG9TtWl7yaQ5GVI9/HSXnSfU5WzWB7MQ/WC3jV4sKib/ePLbBeJfE+CIt9PO9tnkhgObH3\n0HRH5LTDBVZc5D5oP8b3fd6qXD72tU+C53ts9rdZyi6QUlKJNmW1LEWtEIRuerYQWCdEhAjOwY2F\nCLqO+AETCASCb2H+CPAnXnUjQuKeFdc7frTFyLVe2/yKsw6bcmeEgYUCK/x/StaQZSVhNPftAbvD\nvZnn7Nl9nnWf05tRkS88hzcWIpNhaO1RlzuNe9xvPzr+zRwTz/fY7m/zqP0Y27Mjr1rP6p/Ysxbv\no1l9+7oRD40M3yPbcw4M7zwKce/lrPXPhs6Qb+5+itHYD4Vsmi0838P3fRrDBk2zieu5uJ7L7nDv\n2M+kbw/oWf0j7bs3bLLZ28KIhWZ6vofnuWiySmosquIi9FUzcq0DvcSvG8KDNYd4iKBte2ipA3YW\nCAQCwecSXde/A3hiGMbWjI//sq7rl4F/CfwhwzAOtIiq1Ryq+uJeikIpha1lAShXMyyVisc6/hc3\nfgnP97lQWSA3Ps/rgt8bUfSCNi0tHe2+jrofQEdp0JOT91yqpFkqFan7GpaW5fxyjS2vgOd7KHmX\naraMsfEZAFerq6TVpEEg9W2Kzux+rNQyFFJ5trwUbiqLpqiJ9trdAUU3i49NugiyLFNI5Y98P7OI\nn7/e3yOv5cilsliuTXEYtFNTVEpyBYCBbeJlTVaK5459raFtUjSDcxazqWM9C4Cu0qQoH/68h7ZJ\nVssceK6HzSe4nsu1hcuJ7fHzdswuxdG4vZUUfa/F007wahdLwfZCRTv0WpN0TChawfFDuUu5eolU\nbJx8urNFKicDDsVMOFYcukqT9fJq9FyyZZmnnS2afptaLs+5wtLM61mORc8aUMtVom3G42CMfvfq\nt0fiefKYjtllaamI0x3SINnvnVGP4jDLUr5MJVumLTUplFMsFYPPb9fvUkwXWCudB+BJ+zkpRWN5\nThtPE8/3+MWNz0gpGt+59gV2Bw22unVuLV1Hll/MV3TcMXtUhMCaQ7zIhWMLD5ZAIBB8i/K7gZ+a\nsf2PAP8AaAD/J/BbgZ896ETN5otXDVtaKrLb6DCwg8pvda9DanQ8g7zdDtrxDesul0oX0U643tNp\ncLd5H1lSUGQZ3/fJazm6nfG91buHHB30x1H2C9ltd+gOk1XzdrwO2ijPbqPLwDFp7g3ody2G9pCv\nND/iWvVq1KbH8jbVTCVx/Ha/Sbc75FxuifpwDz/mybntPKJhtqK8FoCdVCcygBv9Ht1ucO5f6HwI\nwK2Ft08sfOP9YTpmVNXug3Pvcb/1kJ61f++FVIHVwgrbnXts2HUU8/jX7Fn9qG98U6EuHf1ZANRj\nz2Pec6wP9njc2WC9tMa53LQx73gOjzpPaJlBefy0VcBo3mU5t8R7l68lzrs3bEbt3XZaMz1F9/1n\nLOfni80Pd75JXstyo3ot2tY0W3Q7QxRZxfWG3PWeJtraaPboWtPVGs3+FrKZjtq04e/wtBsIvk2v\niTycLfS+ufspI2fE27UbkSCPzrG5MzNE8W7zAV7a4py8gumOonG3vdNm5Fp8Mh4rOddCHVl0O0O2\nvRbbuy3SSopH7SDXbjvfwvFcGsMGAN++kmxje9TF8WwWTjFc1HRG4/sbUk93+aWtjwFIWbmp9zFO\n1+qRVtIxj5zD484TLhTOk1Uzx/7+mMU8gSZCBOcQ92A59uvv9hYIBALBmfArgV+c3GgYxk8bhrFj\nGIYD/Bzw3stqkHNKVQRbZov7rYen0aRjMbCHmM6Ij3dv0x51aJpNdgd77A0bURXBgzCdEbvDPR53\nnuD7Pq7nstF5ysAeYrk2m/3tueFVs/orChH0nWhx4eWYcdyNhV3dbz2M8nW6Vo++PcAah1HVMlWy\natLY3B3sJcQVJHNvrBkhTyN3xKPOBp817gJEYWQhz3qb7I6NWwiq+G31t6N9w/aZ7n6o2qP2xlQI\noyLJFLTAOD9pJcF4aN3AGdIataM+9n1/5nNojdo8bG9ERRQOozVeV6weu+c4m/2dSFwBPGw/xnZt\nno/7ZF57+/ZgLOqTExSNGeuYhQQhfA6difL+YbjhudwiwNQ4Hrqzi3hospoIKYxXYzwoPG80Pmbg\nTE/adOe8Q+1xWPD2oJ4496PORiSuwjaFky5dq8dmbyuxvMBOvx6Jq1ncbd7jYfsxlmuf2rpv8/IE\nDxq3lmtjNO7yyd5n0bat/vZL+94THqw5JASWyMESCASCbzl0XV8FeoZhWBPby8DfAn7j+LPv5RDv\n1Wni+O54ptxJ5MCchP4RBM1R6Vhdtvt1enafjJrmZu3G+BpB/lIlXaY+3EsYw5M0hgevT+R6Lp82\njEi0dEZdtgY77AyC61bSZZ73NsmpWcrp0vTxvgeSxOXSRSSkwBgfG4G255AeJ/wvjpP/7zTuBdUF\nY7RGbQpaHmMsgDJjUZVSNGRpet56aVyVcL8NDjA/x8XybHYHQb6X5dp82jDA91krrlJMFdnsbY3b\nWGPkWlEVv0q6zGf1LR43NrlRu5Yw3Gc956D4hoyqaCcudBHPB/Q8l3vNB6zkl1krrnK39YChM+S9\nxVt8tPsptXSF9dIa95oPgn7JLiQEr+d7M/tPGRv73oyx7vs+DTNp7If3OsszGxd0g3FRknK6RF7L\ngRSI/57Vw/acmcdbsecVb28o3PJaDlXRaJpthvkhWTXLwB7guDaqrKLISiSOIMg5HLnTOVswO5cr\naPe+J2yrv4Pn+4kJgVnFVoaxtc5MdxR5dGD6nVMkNZpoOHTCQ5KoD/bw8TmXW0w8z4/qHyPLCu8u\nvJ0opHES4kIqfo0n3We0rS7XK1eRJAnf97E9m5SSio5xY888zIE05/T5aSI8WHNIhggKD5ZAIBC8\nyei6/q6u6983/nt+TEmS80C0IJOu679L1/XfbBhGm8Br9a90Xf8FoM5LEli2a+N5buQpedFSz5Me\nBs/3uNO8z0bnKbvDxpHKZ9uew93mA+407tEetXE9h77V517rIbZr86T7jPpgNxHGdVI6VjfhEWqb\nXZrjc3q+Fxm6kwvXup7Lk+5zRu4IRVJYzC5Qy1SBYOFm13OjBP8QVQr+Ho4N1uw4bM/xnIShHfaR\nKqso0n6O3c0FnXcXb3I+n6xKFxcl9owFduMGcsfq4Lh2EAbX3kgINc/3EoU3Pm3coTEM+mLomIl1\nnmZ5isK2pmTtUA+W53vcbT5gq7/No84GO4M6kDReQyzPxvM9OqMOtmvTHwuMnUE9UeRj6JhTHqVZ\nKKGImTHWu3ZvZh8iSYxca2p8R/0Qy1HKqGnWS2usF9ciUT7poQqxE89930gPz6vJGufzy/i+F3mj\n9saLGl8ur/Pe4i3eX3qHK+XLQDBOrQmRvZhbIK2mZ4oA13P5NOaRsVyLp91n3Gnej7XLnDrmk939\nYxzXjsrjT3rvQqJxPMcT/KXlL1BKl8D3edzZYKPzhIE9nFq02vNcnvdnpa8eHcu1Ex60SUHaGXWi\nsbNnNvmo/gmfNe7OFK6RR+0lLJcgPFhzSBa5EB4sgUAgeFPRdf33A78NSBPkS/2orutNwzD+5EHH\nGYbxVeDXxf79U7G/fwz4sTNp8Bx2h3tY/UBY5bRsIAxOuUz70DHpjDp0YtvWSxej0KdZPOk+jcKP\n4rTMFrZnR8a7fYARX8tWaY06U+F0U+ccBS27Xr3G3eY9WmYnMkQ934sMeNuzedB+RMfq8f7iLR51\nntAcG7ppNQ0Ea1Npiobt2twbhwypMYGV8GBIEjeq1/jGzjfZGzZmrh0lSzJKLOE+JWtRiWu9dp3m\nqMVOv47jOTztPg+uPcOD1Rnt9/6k92wrFvZmOiOaZrgwspTou5EzSngtZhEJLCXFwB5gu9MluUMv\nTdNs0x61E8/5XG5ppgfV9dyEl6UVu5+4AT5wBokQMqNxl29f+WJ0jrBsfeglCsWc67lIkjRuVyAo\n36pc4VlvMxIXpVSBzqjLV55+yNV0kCvVtjrR9d5ffIdv7n6C7/tklHTUhlKqyDOCfl/IVhP3NXIt\n7sSqAI7cUZQrFz5HTVZZzi1RH+zSsXq0R92oYmcpVYz6eyGbYs/cozPqTgkiRVJJySm6VjfhJRu5\n1lSYZ+ip6cbGydAx8X0/yvObNVb79gBZVsincpHHbyW/jOM7LGSrQf/Kysz3UZYVJElCnVhWYNfc\nIy1Pe6r69sHjME571MXzXaqZCo7nsDPYnRLe8fEUMnJHFMhHY75n9WZW9YyLrmAC4mwKXIDwYM1F\neLAEAoHgc8NvA76LoCAFwH8B/IZX15yTsdF9xsPmEwCyShZFVjHd0VTp75Pg+R7Pe1szjZKNzpMD\nPWVNc37J977Vn+1hiHGtepWr5cukY4YuzF6U1x6HshVTedJqms6oF81GW66F7YbhfjaNYRPHtflk\n77NIXAHIMS/T1bEnITRQtZiBGF+XKqdmE4Jrsp9W8svBMbFzx8PdiqkCeTU3bpvDVn+bJ52nM70U\ncW9TGL61NEPgtkZtTMeklCrxVuUyeS3PrXPXAdgZ1KMQuHmE9xeGRU7mCe0OG3xt+xt0rC714e7U\n8TA7jM31XXr2fv/ERVk8HK1vD6YM+AftRzzuPOHDnY8ikRYf377v8/HeZ3y6Z7DV36E+2EWWFSrp\ncmISQJMDoeh4Lt+of8yjzgb3mg8iD6oqK7y3eIvL5UuJghA5NYsqq3SsTnS9u80HGI17ifwoSBrr\n4bgLBXo5XcL3Pe427zFyRqgzwkfDsLmBPUBTNN6qXEGRVZayC2iKOm6/E/XVx7uf8rD9ODo+r+V5\nf+kdJvF9L+EVi7czqoDp+2iySlEL1k6vZCqsFVe5XFqP2hl6DpEkrpQvR6GalbGXLz7WAUaOFQno\n69W3OF9YCTxxY8F3GK7ncrd5j/uth3i+x6POE573Nqcmb8KQ2LSajgqJhCJyXs6X7Tn4vp8Yr80X\n9KYfhhBYc0gWuRAeLIFAIHiD6RqGEX2pj/9+42bOcup+lbeMmmYpu4Dj2tTHYWIdq0t7TmjTQXi+\nx85gl+e9TZ50n83cZ16eiOM5iap588geUBUv9CBkJgTWLOFoew7yOHdoUpDBfq5J3NAaTYgALSac\niqlC5NEqpAqcj1WPCzxSarTfLN6qXOFLy19grbgaHRM/Pk5ofG90nuxv9H2uHmFx2XK6lAhrg31D\ns5wuUkmXublwg1r2qNGv+wZ06FkJPS1Dx2S7v8OjsTG/3d+ZzsWRJDzfo211SCmpRFnwvt2PxiQk\nQ9bC0EJZViIBuJCtsZhbAAIBFoZBhp4LL2acm66J7VqYjsnT8VgtavmxR2VfAMcr+Dmew16sKEM4\nflJKamphZEmSKKWL2K7NwB7Stjq0R226VnfKmxgXx7Zno8hq9Myr6eRzCAVfnMXsQvRMNVmjmqnw\nxXPvkVHT0f6Wa2O5NvdbD6fDHcfhle8svj117rDPXc/l2XicrOSXuVxZi/bJKGmqmQrXq29xpbQ+\ndY5QQKmyykK2yheW3uVSaZ3L433ViRw1ywsEliTJlFJFLhTOk9dy+L7HvdbDRGGWWezFJkHao04i\nnPh8YYX3l95Bjr27l0vr0cRDmEMYCtJ3F28mzh2Gqvq+RzVTBUnieW+TljntDTsthMCagyhyIRAI\nBJ8b7uu6/keBqq7rv0XX9Z8BPn3VjToucSM/o2aiMsgDe4jv+9xp3ONubOHQWczyRO0M6pGxOklt\nfI2hM4qMtbh4mZeIHxIaRLMMzNXCed5dvBUVicioScHk+u7MHJrQk5SOJc4Xxn0ThSMeUIEtpyZL\nWF8tX2Ypt8j1ytUpo1GbEFiTZcIr6XJCXMSPn1yLSJFnr4EWN8bVcYheXsvz7uKtaHtaSUXnTimp\nRDsKc/JoAErpImk1PbNsd2hAF1MFFFmlYbYYOkM+2fssIbS7dh98P3kO34/y4crpEmrs+fq+PyVq\n45TTpYSYVmWNjDJdjtz2bJpmi72YWNseC7SclkOSZDRFi0qqxwVtXsuh167PvP6k52WSsD9Dr1fI\nZL7ZyLGwXJu9YWOqKMbkWmazCmYUtHx0rcnJhPB9+axxh4/qH2O5FucLK3zx3Pssj72lavQe7Pdl\nOCEQCqyHnY3o74VsjXJ6PyQuHNPldGnm2Ay3qeP+kiSJpdxCzMOVPMZ0Rgwdk5yWjcZ++FzbozaP\n2o8P9ITHvZ6TVf5yapaUkuLbzr3PauE8l8vrweTI+Dtg5Ox7sCRJJqNm0GvXo+8W23MigVzLVLha\nvkQpXYzu7SwQAmsOIkRQIBAIPjf8PqAPPAN+B/CV8bY3imq6TFpNcam0jiargXEhSQydIbcbd6L9\nRq7FvdbDmSEwDzsbU9uejme4Z1FOlcbnHPGws8Fmb4vNWNK6ORFWtlo4nwhnu165iqZorBXOT507\no6YToqqSLic+/6j+CRvdp4lttufMNCxDL0zIZJGLOPkJsZHXclwqXZxpZGqyBpIUGcIXixd4Z/Em\nWS3Hjdq1KRG1mF2gkCpQTE3ndoRFMxLnH3t/ZFmJwsMCj0Et0TcpORUZ6YqsBt6PMVk16R18Z/Ft\nLhYvkNNyXC4FhRVuLehT147nOC3nlnBcmzvNBxDL3wGiML7w3sPnG4bwZZQ0N6pvsZxfjgzaSa6U\nL3Muv4Reu87V8uVEVbl4WXAIikFAMOYmDe2wuuJ6cY0vLX/AB0vvRs8+FCWhRzIwyqeF/aSIniQc\nV/NCLG8t6GhKCtMd8bD9mIftx7ieMzWJcDPW5/NEXShyJsfRLEFWy1RRZIXV/DJLucUovDUpLIOx\n0LMHWK4VeYE0RSOtpBKLHxe02V7Z/TbLU+dPfp68J9/3AiEeG4/pieqBjVhBmklROTggVytejGO1\nsBKNf3kssoeuGRS5iQndYqoQFZipD3epD/eQJIliqkAtU+VG9RqF9Ist6n0Qr02RC13X3wX+L+DP\nG4bxZV3XLwJ/DVCATeB3GoZx9nUVx4gQQYFAIPjc4AJ/bvzfG0tOy/EdSx9EC2PKkkxK1qYMwafd\n57TMFi2zFRUNgKDkcjzsJqNmgjAn30eWFQpaLqqeltWyOJ4TzcQPnOH+sTGn0qRRpMgKhVQ+CvMq\npgp8sPTuzPuZNHQnhQ9AfbDLWmEVRVaC8B/fj4SKJmvgB8bjpHF7UEGNWdeZx8XiBWzPjtoqSRJZ\nNcM7MwRL0CaVt+d4TmYZzTeqbwHwhXEfyZLMhZgYvVq5zNAxUWQlMmgVSSanZSmmilPheRAIrqya\nnVosd7JoQdxAXsmfY2uwE/XbQrYWiZnxjZNTsyiyEvVFKK5VWSOrZrhYXE3kpl0ur1Mf7FFKF1nI\nVllgv2hEvC80WYuExmrhPLVMlUftjUTIWHAdNQoBm7UQc17Lca16Ncp1U2SF71z7Ah9aBntmM7q3\nybXKJpkUBXFkWSGn5cgoabpWN5EvF+ZNxduTUTNBDhKzc5BWcudwPIelbDLHbrLYCOyH0CqywqXS\nxZnny6rBO9w0m1G47Ep+mdXCSiSUbi7odKzulJdtkjA0c57Aihe5iJdFj3tU1Yn3smN1Wcot8Ome\nQUbNcK1yBdu1udt6gOmYFFKFaAwt5RapZiqYjjlTKIdU0xV2BnXqwz1s10p4WquZMluDXPTddS6/\ndKjAPi1O3YOl67p0+F5Tx+SBHwf+SWzzHwf+omEY3wPcA374dFp4NOIeLNsRHiyBQCB4g3EAO/af\nRVBa/Y1nMqwOSBR0iIfkNGLbl3KLvLt4M5r9z6nZRJjWzdoNPlh6l7SSIqNmEsIsNBZNx2TXbKDK\nKtrYKI17I2YZicH2YN9ZYWEfLL1LJZPMX/l6/ZvR7HRwfHD+aqbMenmVm7UbUxXN5nGjdu1Ya/Lk\ntNnraZ2ESQ/ZWvFCZOzLkjzTkK1lqpHgkgjMq7D/9do1rpSnc2fm8e7CTd5euBH9ezJfLPRWhkUj\n4mSUdNT+8PmGBSviBmtY1bKcLrOYXeDmwo2EYAyJC2JNUUkpGl9a/kIkBFRZnSqlHRYSWc6fm2v0\nV9LlqXG3Vlzlg1gxiFrm4Dy11NgzHCcUsalxu8P3Lp5/OCsnMDxuXpGHUCxNCsZZ3s5JIT2L+HsQ\nhgZm1PRU+OT5cV8eRDjOwnE3fa39Ni7EctniExiTkwodK6iaaDpmlGO3M9xNrEl2sbQWnbOUKk6F\n5U4SFjd50gm83ZPjOh/r2+IhXrvT5Cxk3GNd138a+KuGYTw4dO+AEfDvAP9VbNuvBH7v+O//G/iD\nwF86rUYehvBgCQQCwecDwzCiX1xd11PArwY+eHUtOj0ySoYOgdfpSvlSosoYBKFCYd5FvNxxmEdV\nTVfojDpk1Qy1THW/CEHMSFktrPCg9ShxrOd7GM17eJ7L+eIqC5kqzVE7WlvqevXalKcgn8rTt/rc\nqt3Ax585K60p2lSxC9/3GTjDyEgNjU9ZklmvXKBe7zI8IOfnauVy1P7JUMKXzZeWv8BXt78OHJ4L\nNMlhxvocaluoAAAgAElEQVRhpBQtWAx57MlSJkTKhcIKmqyylFtAkeZ7F6fz1PbvIwz7ipern0VC\nYI3/jgsITUlNrd21nFsiq2bmFhw5jOvVt+hY3UhIziP0DMfXBiuminRGnci7Ffdy5bU8F4rnI89Z\nnAuF8+PFl89NfXYQGTVNSklRzVQpjD1hR0FG4nr1LTb725EnaJbwOwrhOJsn7ApanoulNRRJppap\nstnbQpKkRFvjAkuSJFzPiQqg2J4d5OuNi4XcWnibrJpBkiRqmepMj+8sJvtmcumK+Fh7Wd4rOBuB\n9Z3A9wN/Vdd1G/hJ4GfHq93PxDAMB3B0PeFyz8dCAncIFnx8aSQFlvBgCQQCweeB8W/R39d1/Q8C\nf/pVt+dFOZdbjERRaYanxXRNyuO1XuIFKcLS6QvZKqZrspRdIKNmeKtyZSqcqZapkllI4+HzWeMu\njufQHi8iW8tWWcmdQ5IklmMzzfFk+hC9eg3Xc+d6tkLiV9eUFLZr0bf2q9jNMpLmGfRhyFk31zs0\n5+RlkCyIcUyBNf7/iy6R+u7CTYaOOWWYZtQM66X9KnPvL73Dx3uf4XluIuxqMr8s/jxCgTXPwxQS\nimtVVmeG7FXSpWiB5xBJkl7Im1hOl458fE7LRQLrg6V3g9LzmQrlsWcvLlrSanqucK+ky4kw3aMi\nS/LMEuyHIUky5XSJgpbnw52PgOnqnEflMA/W5Dv//tK7TI7O+NioZarsDRv7FSZ9H8d3o3zJjJqO\n3o+jiquQi6U1nnSektfyUUXPqA2xiYxZxXbOilMXWIZhbAFfBr6s6/o1AoH147qu/yXgTxqGcfiy\n8NMcO+zwRUkWuRAeLIFAIHhT0XV9MsT8InDhVbTltMmomaDYAtJEFbMglyGcHbZdO0jEHy+suzoO\n25IlmYvF/a6ozgmfCg1sVVaDNabGIYOhuDoKsiQjK4dnJixmq9iexYVCYCh9s/4JbatD1+qNw9em\njeR53qDQSzMvZ+VVMq+q4Dwyaob2qHNigzkk9GQdvl+KlKxhem7CO6PJKm9VrkQFKBICi4PzdkJK\nqSKXy+tToYghS9lFtvrbwXg7ZB21s2CtsErX6nEutxjk+KElBGk8NPdFn8dZoMgKS7lFBvbw0AmN\nWWzu9Wm1PNL52flus5g1puLfDdVMhb1hI5EHaLt2lON42Jg5iOXcEouZ2sx3Sk14S99sDxa6rv8K\n4HcB3wP8HeA/An498LeB33jE0/R0Xc8ahjEk+CF8ftgBp4nwYAkEAsHnhu+J/e0DHeAHXlFbTp1Z\ns+c5NUvP6tEedXDyTrRmz0KmNjXDexxUScHybNpWZ2757xclq2ajCmnAeEHhIAzyXG5xZrhUfJY6\nXgxBeYkG1XGRj5kGf6FwHlVWOZedXnT4JDyr93i+N+CL1xdR5wjftJLG8uwpIzvuwYkbxtcqV9jo\nPGUld3COjyRJiUqIk6QUjS8svUfP7nO3ef8ot3OqZNQ0X1h6d+7kQfz+w7DY14N958CLTCo83u4i\n+RXWVjTO5eY/p+OQUTJktVzCM2l7DrbnHFhY5KjMm7CIFx857qTGi3Dq3zy6rt8DHgH/C/B7DMMI\npx5u67r+fcc41T8Gfivw18f//wen2c7DcOMeLLEOlkAgELyxGIbxH7zqNrwslvPLbPe3qWaCyloj\nZ8TjzlOK44phs4piHAdN1qLk+XKmdsjep0M5VWLHCcIgC3MEXdxwyqpZuuM1bw6asbZsl5SWNLga\nHRPb9VgoZeaKjpPgeT7bzQHL1f32y0f0/O3vLx+pOMFReVIPcnT6Q5tyYfa4uFS6iOM5U96FeQZx\nKVWcWuT1pMQrFr4KDvLMyuNQPEVWX/idOk1Omp83C1mSWUgvvJBnKY4mq5RSRYb2AEmS8X2PkWvi\neS6adnahey/TaxXnLK76bwOSYRh3AXRd/6JhGB+OP/ueWQfouv4l4M8ClwFb1/XvB34I+Cld138P\n8Bj4X8+grXPxXA9FkXBdH1t4sAQCgeCNQ9f1JxyQsmIYxtFLsL0hrBXOj/Op9o2+ptmMcpQmF9k9\nLvEwoPKc8K7TZiFbi/LM5pVYjxuBtUyQV1ZMFebmxvSGNh8/3GNtscDauf3crDtPg9DHh5sd3r2y\nQCF7PMPP9TxkSWKvbVLIaWRSgZn1ZKfHZqPPYOTw9tINOqPumXj/ToJ3gE0+L5xQkZWpggZnwWkZ\n92fB9XGJ/deBsHCJ9IL9ZTse37i3G/3bcT009cXO+e7iTSzPRpEVapkK24MdFrM16oPdaA2+s8yN\nmlWR8WVwFlf9XcAq+2XV/5Cu6w8Mw/ivDcOY+RobhvFVgqqBk/zaM2jfkXBdD0WVkWRf5GAJBALB\nm8kvP+Cz1ymu59QIjN5AXOm16xiNuwC0R10kST50DaDDqGVq7A0bAJFX7KzJazn02nWGjnmkEuvF\nVJ73s+/M9UBYtsuTncB783S3Fwks10tOpnb61rEElmk5fP3eLrVihkY38PJ9162V6DOAgelQ0MqJ\ntYKOy/1nbTJplQuLJz9H2B4A+4RROl889/7cAginRVgWPX9Af40slw/v1bm0XOT8wsF94vs+W40B\njutz8dyrL3pyWrxdvU59uMti9sW8yjutIU7sPXDcF3cwZNQMGYLvnbyW49vOvQ8E31WNYRMPyJ6h\nF1CVVSqZCsUXeOdOdN0zOOevMgzju8N/GIbxA7qu/8IZXOdM8VwfWZFRFLCFwBIIBII3DsMwoprl\nuq7fAsLklTTwF4DTiWV6yZiWw2cbLcr5FJdXinOFRDFV4Hxhhc3eFrZrkU/lj1yQYh6lVIFqpkpW\nzRzZu+D7Pt+4t0etlGZ9+WRl0oupwpHLcx/mVfno/l7CiPR8H1mSMK3gtz6f0eibNn3z6MUVWr0R\n/WGwfyiu4uyXWD/yKWfi+z71drCA7IsIrGY3XlHyZI16Gd4lRVb44Nx7UyXl4zR7wb083u4eKrBa\nPYvH20H46EIpQy5zembwyHLxfJ9s+uV7THJalkva8XKuPN/HcbxEmGyrm1zuwDnh2DiIcNysF9dY\nK6xizqhoeZpIksS1ypUzO/88zmIUpHRdT4Vl2XVdL5zRdc4UdxwiqCgyjiUElkAgELyp6Lr+Y8C/\nCawQLFz/FvBnXmmjXoB2z8K0HEzLYaWWO9Cgi4fUzVqn57hIksRblcvHOsZyPEzb4fmec2KBdRRu\nLbw9VWJ+Et/3E+IKwBw55DIaw1Hg1VmqZLHqLnsdk7WRc6jB3BvafLbRnPlZKN7i15+F63ncfdLm\n/EJuKh/Kdjw29/qHiofjsNMcRn87zuudBnGcHJpv3Nvlg2vzi4DYMY+MaTmnKrDuPG3RN230i1Wq\nxelnuLHdpTuwyaYVqqUMsgSVQhpVkXm42cF2PApZDctxWV8uHjtHz7QcfJ8jC7wHzzrsdoZ88doS\n6ZQSnSPOPA/W5Lg+KbIkv/RQWd/3cVz/hUMfD+Mszv6XCQpa/Iyu6z8LfDLe9kbhuj6yLJNKqVhC\nYAkEAsGbzHcahnET+LphGN9BEH7+eiTAnIDBaN8Isg4xjuOi6qwNGdNy6A4sfN/H9316Y4+OO2MW\nfKc1pNWbXhzY83w+fdRgr338FV1yWpaskqU7mLvsZqLvQuxxHw5HwW99Nq2yVAmq5oWhhDvNAZ88\nbNDoTLdrdICNYI7PGdqi8+Rfq2vR6o+4PUOobTcHPN/rc/txYyqM8SR4vs/QckiPPRf2KYSBnRTL\ndrnzpEW7P/+ZHUZctA6t6ecbJ14hemS7fPa4ibHRpDe0ebrT4+MHe3z8YO9ExSJCj+edJy0GZrId\nGztd6u0hpu3Q7I148LzNvWdtthoDXM9juzmg0TXZ2Omy1RjwdDzu5rHbHvLJo+R4+Pq9Xb5xf/fA\ntj/d6Ubey91OILIHI4fNvT4b211s1yOjqaTVYGzMElh90+Zf397h44d7CU9oyOOtLneetA5s/1ky\nst1osmQWd5+2+fBu/cShsUfl1AWWYRg/Afwq4G8BfwP45YZh/ORpX+es8cY5WFpKwbbcU63MIhAI\nBIKXSmgFpHVdl8Z5v9990AGvM3Hj4bAQdk3R0MZ5S/kjrmcTMrJd7j9rHzkP4+7TNp88avC1O3W+\ncnubjx/uUW8Np473fZ8Hz9uR18f3fT573OSj+7tsNQZ0BhZ3n53MQHu42eGTR7OFEMDQnDa8NvcG\n2I4X9Ws2pbC+XCSlKnQHgdH8fG9Ad2jx4HknEmQh1gGGWndosdMc0OgEQ9CfUVHCdrwozG0WoUAd\njBysWNGt0C7Z2O7yeKs79/hZ14MgFBICY/1Fcm08z8c7qFLGATzc7NDomtx+3DhRGwamHYX8hRgb\nzbnniov9/tCh1R/R7I34+OEeT3d79EybnmnT6h0s+CaN8/j9+/i0+8nnac0plmZabjTG4jzf688d\nwwD3nrXpDqxoXMWZJS6GI4cP79a5/7SN8STZP2EfPt8LFvMu5DTeuhAUsAlDBOM28F7bxCeYQDGe\nTE8IbDb6NLrm1HtyVkza5/eetfnG/d1ogidOu2/R6Jp4vj+z30+TUxdYuq5ngC8CJaAC/NoZizy+\n9riuhyJLaOmxihd5WAKBQPCmYui6/p8A/xz4R7qu/0WC36c3kvjs+GEeLICFTJWcliOj7Oc5NDom\nnQM8PRAUU6i3h5EX5zBCwy7uEdltm1PGbrzN7d6Ir9zeptUfMRg5PN/tH+lacRzX4+lOj+HIYW9s\nlM4znmZ5a1r9EXeetjAtB0WWo5yUQlbDdl06fSsKnXI8j+3G/jo+7f5+Ts87l2ucryXD+B5udniw\n2YlCF90ZQuT24wa77eHUdgg8Z5uN/T6Je+Bcz8f1PJ7v9dls9Pmlz3bYibVtuzng4wd7U+cODd90\nLPfmsH7f2O7yVWNnppD65FGDr9/bPdCTN4+456o/Q/wexkcP9qa2NXujaMzutoYJwRHv/70DBEz8\nGU+yudfnq3fq1Fv7/Rr2aTkXTGY83u7S7o0iD9Nk6N3qONzT83w6c7x3YUVL3w/2cVwP3/cxYl7O\nZ/X+lBdp1tjfagwYxezYuPc4LNcfklLlaIkCx/Vo9y2+cnubrxo77LXNKe9cXODERdVue0h3YJ2a\np6gzsHhW70XfJyPb5eOHe3zVSHqjQg/21t70M4z39VkLrLPIjfqHgEtQWj3EB/7qGVzrzAiLXKTG\ncamW5aKl3rhUMoFAIPiWxzCM36Preg1oAb8NOAf89wcdo+v6rwT+NkGYO8A3DcP4kdjnvwb47wh+\n737OMIw/cQZNn2Jg2jieRyalYlrOkWaJJxcWdlwvMt7CKnezCM990DV2mgOe7fbRL1bxfJ9SLkUm\npbLTCowby3anRE3c0JsMiZvMj5rE931uP26Sz2hcWgnyuT591GAwchg5LrIk4fn+3FyseZ6E7sBC\nliRysfyVYk6j0TV5OjZAL54rsrnbZ7s5YGUhhyJL3H7ciPZPaQrZQ3J6HM+byl+ZDFvcbQ3Z2Olx\neaXIg81O4rOEWHD9REic43kYG02unguKmTyv9xk5Ls93+yyWszQ6Jo3uiPy4jSlNZrGcZbc9nJrt\n930/URAl9G50hzYj2yWtypQLaRzXi0LjPrxXp5xPc/NSUKBzuznAHLnRc+r0LbSx8a6pMrYT9EWI\ndcBEtu8HT/Qo+WwQ5JjVShmeNdr0+yO+4+1zUR9Fxx+Qr9fuB8JAU5PrpPWG+x6z3tCOQklDL2Y+\nq9E3HRzP4/ZGEwmJd67UojFfK2a4tFIkrSlsNQZYjovluEhIUXs0RcF2g/1HtsvjrS6Nrokqy6wv\nFxLeTtN2MJ40uRTLbeyZNvHV0tq9EdvNpNh4Wk8K6vg1U5qCqgT9vN0cRMfarhd5ljOaSi6j0uia\n41LuQT/Fx2PYT9VCGn09WbR1pzlAVWRqpcOLW9iOy+PtXjRRMBg5DEcug9H+mO2bDpWCkhgTu50h\nzmOP5VouyomLhw/3jlHE5iSchWLQDMP43jM470slKNMuRaLKFnlYAoFA8Eai6/q/An4a+N8Nw/jf\njnHozxuG8f1zPvsLwL8FPAN+Xtf1v2MYxqcv2NRDCat8LZQyPNvtzQ1Pa44N6XiFsJHlYlpOYt0j\nz/ORZSma0S7lUvj4KLIcGdgD08FxvZkL7z7a6uL5Ph89CNbOURWZbHr/mkPL4WFMJBgbTapHMKrm\n0TcdOgOLzsBCVWXklBoJlOHI2c91it1jXCyEYu/iUgFVlRNt83yfTEJgBd6I0NO3WMowslx2WgN+\nydiZapumyhQy+2Xdz9fybDcHKLIcGa8QFCmpFgNxMpohKp7vBYZ3KILjxMVY37SjffSLVXpDm+7I\n5Wt361PHfP3uLpYTVLnbbe+399qFMr2BnfBK7LaG3Hve5r2rC1EYYUhcUH7XrZUpr1O7P6I7sMhn\ntahvq6U0G9vdSMRJSGTTKoocPJNwsuD+8zYPNzukVIXFcoYLS/tVLx9udqm3hnz720vRmm4H5dn4\n+Nx+3KBUzOJ6XjQGwhDBaiE9FZaZTakMLScSnd2BTa2UFFjzPH3hJISmytxYr/Dpo0bUjkfjfpgs\nfqGpMsORi+f5FLIa3WEwzparWUa2S7095JuxipeO57GxnfQ2LZaztLqjRJhkvG6A7/sz8/pMyyGX\n3n933rlS5eux9a9mFYAIq2sCrC3lo2f/4HmHdt+KhPQks8Jfw4mDgyZ4IHgnbz9uMRjZZDQV03Zm\neh5DcT45GdTqj3A9n2oxjTfOC82lVTx/Pz/yrDgLgfWJrusLhmFM+23fEDzPx/dBloMcLBACSyAQ\nCN5g/gDwg8CHuq5/HfhrwN8Lq90eF13XrwINwzCejP/9c8CvBs5UYPVNm8f1YDZ5oZTm+W5/pkdm\nYAaz2pqi8CV9Kdr+4b3A8K4V9wXOYORQyGpRPlRoRJVzqchoMW2Hu09a3Lw8vcaOpsiMYiJPVeRE\n6NlCKZMwiJq90ZS35L2rC0iAsdFKnGsW8byUJztd2sN9I3s4ciMPhzcOq6q3huy2TW5crFDIqpFA\nPb+Yx/f9hMACKMbWvcrHvFHFbIp0Sklsm0SWpIS4XF8ucGmlGC1qHLLTHJDWFD591JjpsYvPzE9i\nxkRFKK4UWaacT5HSZLr1pKcirSmMbBfTnhYjodch9ES0eyN6psOTncBY32oMqBUzFLKz73lku5Hg\nihvfO80hUmv/OYViI8THT9xjIatFIXSe72PaDk93e2RSCotjD1HoEe0PHTIphXvP2geGxy5VsokQ\nvg/v7uJ5+xUkS/kUzd4ITVG4vFLk2W6Pm5dqyHJQcGS3PcRyPJ7s9OgOLG5equK4wZgKvU3x0Ncw\nTE9TZUq5VNTvEHhKVFmmUkiu4ZZSFUZ28BVUzqcigYXEfoie57FYzlLKaTzY7CTGSyalcu1Cmb22\nmchZHMW+E7oT79qN9Sq/9EnQL8VcKhJYmZTKrUs1nuz0WChlkCQp4dW6ulpmqZyh1bNIaTL5jIY9\n9mqGAqrZGUUVDNcWC1RLaT552MD3k1UH5xVqaXZHPN7qcq6apVpMMxw5tPsWg5HNYjnLW6slHm11\nE964Sj5Nqz/Csj08z+ej+9PSozsMJmRC73Yxl8K0XNrWKFH05LQ5C4G1BtzTdf02EL3RhmH8ijO4\n1pngjTtcUSS08Q+FdcBMiUAgEAheXwzD+AXgF3Rd/0+B7wV+B/CXgKUDD4Rbuq7/PaAG/DHDMP7R\nePsKEHcT7BCUfj9TNncDw2K5miOX0chnVbpDi97QRpEl9jomqwv5KB8h7jWJE1+naWDakScB9iuh\ntSfys9oDi88eN8mmVdaXC0hjY8VyvIQhpioSmXHkR0ZTWV8uTs04x0MGVVmOvCSati/WZEmib9ps\nbAehcqHhNitxPcT1PMI7dl2fT2PelslkfFmS9kv7xYh7GCRJYnUhT6tncfl8MDsfDwEs51JRP11e\nKUXHLJayOK4XeV/CsMNqIU3fdBiMHHZag0PDIUPWlgqoisyjrc7MHLKbl6rIskQ+o7G+UuTj7r6w\nuHahjCRJbO0N2O0MubxS4tFWICpTYy/FYjlYGHnS01FvDam3hiyWApFTyqUSeXvx/Km31yt4Ptx+\n1IzW6ZrH+Vqe3fYwupdiTkvkia2fK0bV9BbKGW4/3m9Xb2gzHDmJdiyWsiBBb2BHQvKt1TK+B9bY\nkznp6T039hItV4NlDhbK+5MOmhb0i2W7UWik5Xh8OPYMlvNp2v1RVACiO7Ciew5FayCe9q+Zz2pT\na9CFHrhcWmV1Mc+z3T4+PhJEIXoQeLRCr12cMB9ucjFsy3Ejj113Ir9rsbJ/n7m0ypduLMF4sehS\nPsU7V/YnUTQ18LwWcynOjYVu/P2IT6RA8N0hj79LlmtZNFVhoZyh3hqy1zbJZ1RyGQ3H2Xcvxz3j\nW3t9TNthY6fLdmMQfRdISFxcCr5zlirZhMCqlQKB9XS3h2m7c9+pTx81WFssJPqr3Sda++4sOAuB\n9afP4JwvldCFrChyVORCLDYsEAgEby66rleA7wP+PeAq8D8fcshd4I8RVMS9CvxTXdevzfF6HWlB\nmGo1hzqR03Ec7jzvktNkvmMcVvNBWuOb93ZxJRnT9uiYLotIlCt5Ss1A1CwtBcLAsl1Kxf0qgqtL\neZ7X+6SyKZS0lvhsHh7Qtz02WyMunCtQSKsUixnOL+bZHI